2015 -3,55
2007 6,07
2016 -3,31
2011 3,97
2014 0,50
2013 3,00
2012 1,92
2020 -4,1
2008 5,09
2010 7,53
2009 -0,13
1986 7,49
2017 1,06
2006 3,96
1998 0,34
2005 3,20
2003 1,14
1992 -0,54
2001 1,39
2000 4,39
1988 -0,06
1995 4,22
1999 0,47
1994 5,85
1993 4,92
2004 5,76
1990 -4,35
2018 1,12
1989 3,16
2002 3,05
1966 6,70
1997 3,39
1991 1,03
1969 9,50
1962 6,60
1987 3,53
1983 -2,93
1981 -4,25
1980 9,23
1979 6,76
1977 4,93
1984 5,40
1976 10,26
2019 1,14
1974 8,15
1978 4,97
1973 13,97
1971 11,34
1975 5,17
1970 10,40
1982 0,83
1972 11,94
1967 4,20
1965 2,40
1968 9,80
1964 3,40
1963 0,60
1996 2,21
1985 7,85