께께께께께께PIB do Brasil nos ultimos 50 anos.께께께께께께

+===================================|
|	  TOP 10 ANOS COM MAIOR PIB		|
|		ANO 		INDICE			|
+===================================|
|		1973		13,97 			|
|		1972		11,94 			|
|		1971		11,34 			|
|		1970		10,40 			|
|		1976		10,26 			|
|		1968		9,80 			|
|		1969		9,50 			|
|		1980		9,23 			|
|		1974		8,15 			|
|		1985		7,85 			|
|		2010		7,53 			|
+-----------------------------------+

+===================================|
|	  OS 10 ANOS COM MENOR PIB		|
|		ANO 		INDICE			|
+===================================|
|		2020		-4,50 			|
|		1990		-4,35 			|
|		1981		-4,25 			|
|		2015		-3,55 			|
|		2016		-3,31 			|
|		1983		-2,93 			|
|		1992		-0,54 			|
|		2009		-0,13 			|
|		1988		-0,06 			|
|		1998		0,34 			|
+-----------------------------------+
