RO 2,89 3,03 3,74 2,16 2,81
AC 6,25 5,33 5,95 7,02 7,14
AM 6,64 6,96 6,5 6,18 6,54
RR 3,7 8,18 6,77 8,85 9,57
PA 5,34 6,01 5,49 5,59 4,87
AP 3,72 4,27 3,69 3,01 2,84
TO 3,86 4,41 5,01 3,92 3,75
MA 3,98 4,4 4,66 3,92 4,61
PI 5,25 5,48 6,21 6,19 6,42
CE 5,88 5,66 6,95 5,84 5,69
RN 8,28 8,53 7,04 6,78 6,64
PB 8,39 8,65 7,47 7,73 6,89
PE 9,17 9,8 8,44 7,21 6,99
AL 8,51 8,32 9,61 7,43 6,29
SE 6,14 4,83 6,69 4,56 4,96
BA 7,88 7,56 7,22 6,08 6,43
MG 6,1 5,58 5,43 5,2 5,2
ES 4,44 4,43 4,13 4,1 4,21
RJ 4,14 4,66 3,81 3,6 3,56
SP 4,02 4,18 3,93 3,82 4,11
PR 3,92 4,6 3,52 3,75 3,94
SC 2,72 2,89 2,89 2,93 2,83
RS 4,41 4,36 3,84 4,61 4,97
MS 5,65 6,18 6,44 6,7 5,97
MT 6,28 5,57 5,53 5,67 5,68
GO 3,76 3,27 3,21 3,34 3,86
DF 2,07 2,18 2,52 2,02 2,56